0	-5.424E-6
0.001	-5.304E-6
0.002	-5.234E-6
0.003	-5.187E-6
0.004	-5.14E-6
0.005	-5.107E-6
0.006	-5.07E-6
0.007	-5.039E-6
0.008	-5.001E-6
0.009	-4.972E-6
0.01	-4.937E-6
0.011	-4.911E-6
0.012	-4.876E-6
0.013	-4.851E-6
0.014	-4.82E-6
0.015	-4.796E-6
0.016	-4.767E-6
0.017	-4.743E-6
0.018	-4.712E-6
0.019	-4.69E-6
0.02	-4.661E-6
0.021	-4.641E-6
0.022	-4.615E-6
0.023	-4.589E-6
0.024	-4.564E-6
0.025	-4.545E-6
0.026	-4.517E-6
0.027	-4.5E-6
0.028	-4.474E-6
0.029	-4.457E-6
0.03	-4.431E-6
0.031	-4.411E-6
0.032	-4.385E-6
0.033	-4.367E-6
0.034	-4.343E-6
0.035	-4.326E-6
0.036	-4.302E-6
0.037	-4.285E-6
0.038	-4.259E-6
0.039	-4.241E-6
0.04	-4.217E-6
0.041	-4.2E-6
0.042	-4.175E-6
0.043	-4.16E-6
0.044	-4.135E-6
0.045	-4.119E-6
0.046	-4.096E-6
0.047	-4.08E-6
0.048	-4.057E-6
0.049	-4.043E-6
0.05	-4.021E-6
0.051	-4.007E-6
0.052	-3.985E-6
0.053	-3.966E-6
0.054	-3.945E-6
0.055	-3.929E-6
0.056	-3.909E-6
0.057	-3.892E-6
0.058	-3.872E-6
0.059	-3.857E-6
0.06	-3.834E-6
0.061	-3.821E-6
0.062	-3.797E-6
0.063	-3.784E-6
0.064	-3.762E-6
0.065	-3.749E-6
0.066	-3.73E-6
0.067	-3.716E-6
0.068	-3.695E-6
0.069	-3.682E-6
0.07	-3.662E-6
0.071	-3.648E-6
0.072	-3.628E-6
0.073	-3.615E-6
0.074	-3.595E-6
0.075	-3.581E-6
0.076	-3.561E-6
0.077	-3.546E-6
0.078	-3.528E-6
0.079	-3.514E-6
0.08	-3.493E-6
0.081	-3.48E-6
0.082	-3.462E-6
0.083	-3.448E-6
0.084	-3.428E-6
0.085	-3.416E-6
0.086	-3.398E-6
0.087	-3.384E-6
0.088	-3.366E-6
0.089	-3.353E-6
0.09	-3.333E-6
0.091	-3.321E-6
0.092	-3.302E-6
0.093	-3.291E-6
0.094	-3.272E-6
0.095	-3.26E-6
0.096	-3.24E-6
0.097	-3.228E-6
0.098	-3.209E-6
0.099	-3.197E-6
0.1	-3.18E-6
0.101	-3.17E-6
0.102	-3.15E-6
0.103	-3.137E-6
0.104	-3.121E-6
0.105	-3.109E-6
0.106	-3.09E-6
0.107	-3.08E-6
0.108	-3.061E-6
0.109	-3.049E-6
0.11	-3.033E-6
0.111	-3.02E-6
0.112	-3.002E-6
0.113	-2.99E-6
0.114	-2.973E-6
0.115	-2.961E-6
0.116	-2.942E-6
0.117	-2.933E-6
0.118	-2.916E-6
0.119	-2.904E-6
0.12	-2.889E-6
0.121	-2.878E-6
0.122	-2.861E-6
0.123	-2.85E-6
0.124	-2.833E-6
0.125	-2.821E-6
0.126	-2.805E-6
0.127	-2.793E-6
0.128	-2.775E-6
0.129	-2.764E-6
0.13	-2.747E-6
0.131	-2.736E-6
0.132	-2.719E-6
0.133	-2.709E-6
0.134	-2.692E-6
0.135	-2.68E-6
0.136	-2.666E-6
0.137	-2.654E-6
0.138	-2.638E-6
0.139	-2.627E-6
0.14	-2.611E-6
0.141	-2.602E-6
0.142	-2.585E-6
0.143	-2.577E-6
0.144	-2.559E-6
0.145	-2.551E-6
0.146	-2.535E-6
0.147	-2.524E-6
0.148	-2.507E-6
0.149	-2.499E-6
0.15	-2.482E-6
0.151	-2.471E-6
0.152	-2.455E-6
0.153	-2.445E-6
0.154	-2.429E-6
0.155	-2.42E-6
0.156	-2.405E-6
0.157	-2.396E-6
0.158	-2.382E-6
0.159	-2.371E-6
0.16	-2.356E-6
0.161	-2.348E-6
0.162	-2.332E-6
0.163	-2.323E-6
0.164	-2.306E-6
0.165	-2.295E-6
0.166	-2.28E-6
0.167	-2.269E-6
0.168	-2.255E-6
0.169	-2.244E-6
0.17	-2.228E-6
0.171	-2.221E-6
0.172	-2.203E-6
0.173	-2.194E-6
0.174	-2.177E-6
0.175	-2.168E-6
0.176	-2.152E-6
0.177	-2.144E-6
0.178	-2.129E-6
0.179	-2.119E-6
0.18	-2.103E-6
0.181	-2.095E-6
0.182	-2.078E-6
0.183	-2.07E-6
0.184	-2.055E-6
0.185	-2.045E-6
0.186	-2.029E-6
0.187	-2.02E-6
0.188	-2.003E-6
0.189	-1.996E-6
0.19	-1.978E-6
0.191	-1.971E-6
0.192	-1.954E-6
0.193	-1.945E-6
0.194	-1.931E-6
0.195	-1.921E-6
0.196	-1.906E-6
0.197	-1.899E-6
0.198	-1.882E-6
0.199	-1.873E-6
0.2	-1.857E-6
0.201	-1.849E-6
0.202	-1.833E-6
0.203	-1.824E-6
0.204	-1.81E-6
0.205	-1.797E-6
0.206	-1.783E-6
0.207	-1.774E-6
0.208	-1.76E-6
0.209	-1.751E-6
0.21	-1.736E-6
0.211	-1.726E-6
0.212	-1.71E-6
0.213	-1.704E-6
0.214	-1.688E-6
0.215	-1.679E-6
0.216	-1.665E-6
0.217	-1.655E-6
0.218	-1.639E-6
0.219	-1.632E-6
0.22	-1.615E-6
0.221	-1.608E-6
0.222	-1.591E-6
0.223	-1.583E-6
0.224	-1.568E-6
0.225	-1.559E-6
0.226	-1.545E-6
0.227	-1.536E-6
0.228	-1.521E-6
0.229	-1.515E-6
0.23	-1.499E-6
0.231	-1.49E-6
0.232	-1.475E-6
0.233	-1.467E-6
0.234	-1.453E-6
0.235	-1.445E-6
0.236	-1.429E-6
0.237	-1.421E-6
0.238	-1.407E-6
0.239	-1.398E-6
0.24	-1.384E-6
0.241	-1.376E-6
0.242	-1.362E-6
0.243	-1.354E-6
0.244	-1.338E-6
0.245	-1.333E-6
0.246	-1.316E-6
0.247	-1.309E-6
0.248	-1.295E-6
0.249	-1.286E-6
0.25	-1.271E-6
0.251	-1.264E-6
0.252	-1.249E-6
0.253	-1.242E-6
0.254	-1.23E-6
0.255	-1.221E-6
0.256	-1.207E-6
0.257	-1.199E-6
0.258	-1.186E-6
0.259	-1.178E-6
0.26	-1.164E-6
0.261	-1.158E-6
0.262	-1.144E-6
0.263	-1.134E-6
0.264	-1.123E-6
0.265	-1.115E-6
0.266	-1.102E-6
0.267	-1.095E-6
0.268	-1.082E-6
0.269	-1.075E-6
0.27	-1.061E-6
0.271	-1.054E-6
0.272	-1.039E-6
0.273	-1.033E-6
0.274	-1.018E-6
0.275	-1.01E-6
0.276	-9.963E-7
0.277	-9.908E-7
0.278	-9.779E-7
0.279	-9.697E-7
0.28	-9.58E-7
0.281	-9.503E-7
0.282	-9.375E-7
0.283	-9.317E-7
0.284	-9.186E-7
0.285	-9.113E-7
0.286	-8.984E-7
0.287	-8.912E-7
0.288	-8.766E-7
0.289	-8.722E-7
0.29	-8.594E-7
0.291	-8.512E-7
0.292	-8.363E-7
0.293	-8.31E-7
0.294	-8.167E-7
0.295	-8.089E-7
0.296	-7.978E-7
0.297	-7.903E-7
0.298	-7.766E-7
0.299	-7.701E-7
0.3	-7.569E-7
0.301	-7.509E-7
0.302	-7.386E-7
0.303	-7.308E-7
0.304	-7.204E-7
0.305	-7.196E-7
0.306	-7.07E-7
0.307	-6.923E-7
0.308	-6.784E-7
0.309	-6.747E-7
0.31	-6.626E-7
0.311	-6.555E-7
0.312	-6.433E-7
0.313	-6.376E-7
0.314	-6.246E-7
0.315	-6.181E-7
0.316	-6.029E-7
0.317	-5.982E-7
0.318	-5.836E-7
0.319	-5.766E-7
0.32	-5.607E-7
0.321	-5.543E-7
0.322	-5.417E-7
0.323	-5.326E-7
0.324	-5.192E-7
0.325	-5.131E-7
0.326	-5.004E-7
0.327	-4.917E-7
0.328	-4.808E-7
0.329	-4.735E-7
0.33	-4.619E-7
0.331	-4.556E-7
0.332	-4.446E-7
0.333	-4.378E-7
0.334	-4.255E-7
0.335	-4.197E-7
0.336	-4.073E-7
0.337	-4.011E-7
0.338	-3.895E-7
0.339	-3.832E-7
0.34	-3.7E-7
0.341	-3.638E-7
0.342	-3.526E-7
0.343	-3.452E-7
0.344	-3.349E-7
0.345	-3.271E-7
0.346	-3.126E-7
0.347	-3.085E-7
0.348	-2.956E-7
0.349	-2.896E-7
0.35	-2.781E-7
0.351	-2.713E-7
0.352	-2.594E-7
0.353	-2.525E-7
0.354	-2.407E-7
0.355	-2.346E-7
0.356	-2.219E-7
0.357	-2.167E-7
0.358	-2.056E-7
0.359	-1.974E-7
0.36	-1.878E-7
0.361	-1.818E-7
0.362	-1.702E-7
0.363	-1.65E-7
0.364	-1.533E-7
0.365	-1.466E-7
0.366	-1.345E-7
0.367	-1.289E-7
0.368	-1.173E-7
0.369	-1.112E-7
0.37	-1.002E-7
0.371	-9.416E-8
0.372	-8.189E-8
0.373	-7.639E-8
0.374	-6.441E-8
0.375	-5.705E-8
0.376	-4.654E-8
0.377	-4.006E-8
0.378	-2.896E-8
0.379	-2.307E-8
0.38	-1.06E-8
0.381	-6.48E-9
0.382	6.873E-9
0.383	1.365E-8
0.384	2.445E-8
0.385	2.867E-8
0.386	4.124E-8
0.387	4.703E-8
0.388	5.911E-8
0.389	6.382E-8
0.39	7.59E-8
0.391	8.208E-8
0.392	9.131E-8
0.393	9.73E-8
0.394	1.09E-7
0.395	1.155E-7
0.396	1.277E-7
0.397	1.332E-7
0.398	1.432E-7
0.399	1.504E-7
0.4	1.617E-7
0.401	1.677E-7
0.402	1.775E-7
0.403	1.846E-7
0.404	1.962E-7
0.405	2.005E-7
0.406	2.145E-7
0.407	2.195E-7
0.408	2.294E-7
0.409	2.382E-7
0.41	2.53E-7
0.411	2.552E-7
0.412	2.668E-7
0.413	2.712E-7
0.414	2.836E-7
0.415	2.894E-7
0.416	3.006E-7
0.417	3.061E-7
0.418	3.184E-7
0.419	3.241E-7
0.42	3.351E-7
0.421	3.394E-7
0.422	3.517E-7
0.423	3.581E-7
0.424	3.669E-7
0.425	3.75E-7
0.426	3.867E-7
0.427	3.91E-7
0.428	4.035E-7
0.429	4.08E-7
0.43	4.201E-7
0.431	4.252E-7
0.432	4.363E-7
0.433	4.423E-7
0.434	4.526E-7
0.435	4.604E-7
0.436	4.724E-7
0.437	4.762E-7
0.438	4.878E-7
0.439	4.939E-7
0.44	5.051E-7
0.441	5.101E-7
0.442	5.222E-7
0.443	5.284E-7
0.444	5.391E-7
0.445	5.449E-7
0.446	5.561E-7
0.447	5.612E-7
0.448	5.726E-7
0.449	5.789E-7
0.45	5.885E-7
0.451	5.948E-7
0.452	6.06E-7
0.453	6.114E-7
0.454	6.221E-7
0.455	6.286E-7
0.456	6.386E-7
0.457	6.446E-7
0.458	6.571E-7
0.459	6.641E-7
0.46	6.735E-7
0.461	6.817E-7
0.462	6.91E-7
0.463	6.98E-7
0.464	7.081E-7
0.465	7.144E-7
0.466	7.246E-7
0.467	7.312E-7
0.468	7.432E-7
0.469	7.481E-7
0.47	7.589E-7
0.471	7.65E-7
0.472	7.761E-7
0.473	7.819E-7
0.474	7.935E-7
0.475	8E-7
0.476	8.099E-7
0.477	8.157E-7
0.478	8.263E-7
0.479	8.323E-7
0.48	8.428E-7
0.481	8.492E-7
0.482	8.604E-7
0.483	8.663E-7
0.484	8.78E-7
0.485	8.828E-7
0.486	8.958E-7
0.487	9.017E-7
0.488	9.121E-7
0.489	9.19E-7
0.49	9.303E-7
0.491	9.358E-7
0.492	9.484E-7
0.493	9.535E-7
0.494	9.627E-7
0.495	9.696E-7
0.496	9.79E-7
0.497	9.864E-7
0.498	9.965E-7
0.499	1.003E-6
0.5	1.015E-6
0.501	1.019E-6
0.502	1.031E-6
0.503	1.038E-6
0.504	1.047E-6
0.505	1.054E-6
0.506	1.066E-6
0.507	1.071E-6
0.508	1.083E-6
0.509	1.09E-6
0.51	1.101E-6
0.511	1.108E-6
0.512	1.12E-6
0.513	1.127E-6
0.514	1.136E-6
0.515	1.143E-6
0.516	1.155E-6
0.517	1.16E-6
0.518	1.172E-6
0.519	1.179E-6
0.52	1.189E-6
0.521	1.199E-6
0.522	1.209E-6
0.523	1.215E-6
0.524	1.226E-6
0.525	1.234E-6
0.526	1.244E-6
0.527	1.25E-6
0.528	1.26E-6
0.529	1.266E-6
0.53	1.277E-6
0.531	1.284E-6
0.532	1.295E-6
0.533	1.3E-6
0.534	1.312E-6
0.535	1.32E-6
0.536	1.33E-6
0.537	1.336E-6
0.538	1.35E-6
0.539	1.356E-6
0.54	1.366E-6
0.541	1.368E-6
0.542	1.379E-6
0.543	1.391E-6
0.544	1.403E-6
0.545	1.409E-6
0.546	1.419E-6
0.547	1.428E-6
0.548	1.439E-6
0.549	1.445E-6
0.55	1.456E-6
0.551	1.465E-6
0.552	1.472E-6
0.553	1.48E-6
0.554	1.49E-6
0.555	1.497E-6
0.556	1.507E-6
0.557	1.515E-6
0.558	1.524E-6
0.559	1.533E-6
0.56	1.544E-6
0.561	1.55E-6
0.562	1.562E-6
0.563	1.571E-6
0.564	1.584E-6
0.565	1.588E-6
0.566	1.601E-6
0.567	1.609E-6
0.568	1.619E-6
0.569	1.626E-6
0.57	1.638E-6
0.571	1.646E-6
0.572	1.657E-6
0.573	1.663E-6
0.574	1.675E-6
0.575	1.683E-6
0.576	1.695E-6
0.577	1.7E-6
0.578	1.71E-6
0.579	1.719E-6
0.58	1.731E-6
0.581	1.736E-6
0.582	1.747E-6
0.583	1.754E-6
0.584	1.764E-6
0.585	1.771E-6
0.586	1.782E-6
0.587	1.79E-6
0.588	1.8E-6
0.589	1.809E-6
0.59	1.819E-6
0.591	1.827E-6
0.592	1.837E-6
0.593	1.844E-6
0.594	1.854E-6
0.595	1.862E-6
0.596	1.874E-6
0.597	1.881E-6
0.598	1.891E-6
0.599	1.899E-6
0.6	1.909E-6
0.601	1.917E-6
0.602	1.928E-6
0.603	1.934E-6
0.604	1.944E-6
0.605	1.95E-6
0.606	1.962E-6
0.607	1.969E-6
0.608	1.981E-6
0.609	1.986E-6
0.61	1.996E-6
0.611	2.005E-6
0.612	2.014E-6
0.613	2.021E-6
0.614	2.032E-6
0.615	2.042E-6
0.616	2.05E-6
0.617	2.056E-6
0.618	2.067E-6
0.619	2.073E-6
0.62	2.084E-6
0.621	2.089E-6
0.622	2.101E-6
0.623	2.108E-6
0.624	2.116E-6
0.625	2.125E-6
0.626	2.133E-6
0.627	2.142E-6
0.628	2.153E-6
0.629	2.157E-6
0.63	2.168E-6
0.631	2.176E-6
0.632	2.183E-6
0.633	2.191E-6
0.634	2.201E-6
0.635	2.207E-6
0.636	2.217E-6
0.637	2.222E-6
0.638	2.232E-6
0.639	2.24E-6
0.64	2.25E-6
0.641	2.257E-6
0.642	2.264E-6
0.643	2.272E-6
0.644	2.282E-6
0.645	2.288E-6
0.646	2.298E-6
0.647	2.304E-6
0.648	2.312E-6
0.649	2.32E-6
0.65	2.329E-6
0.651	2.334E-6
0.652	2.344E-6
0.653	2.35E-6
0.654	2.358E-6
0.655	2.365E-6
0.656	2.374E-6
0.657	2.379E-6
0.658	2.383E-6
0.659	2.395E-6
0.66	2.405E-6
0.661	2.41E-6
0.662	2.418E-6
0.663	2.426E-6
0.664	2.434E-6
0.665	2.441E-6
0.666	2.451E-6
0.667	2.455E-6
0.668	2.463E-6
0.669	2.47E-6
0.67	2.477E-6
0.671	2.486E-6
0.672	2.493E-6
0.673	2.499E-6
0.674	2.505E-6
0.675	2.512E-6
0.676	2.52E-6
0.677	2.525E-6
0.678	2.534E-6
0.679	2.541E-6
0.68	2.548E-6
0.681	2.553E-6
0.682	2.561E-6
0.683	2.568E-6
0.684	2.576E-6
0.685	2.582E-6
0.686	2.589E-6
0.687	2.595E-6
0.688	2.604E-6
0.689	2.609E-6
0.69	2.616E-6
0.691	2.623E-6
0.692	2.631E-6
0.693	2.636E-6
0.694	2.644E-6
0.695	2.65E-6
0.696	2.656E-6
0.697	2.662E-6
0.698	2.671E-6
0.699	2.675E-6
0.7	2.683E-6
0.701	2.69E-6
0.702	2.697E-6
0.703	2.704E-6
0.704	2.712E-6
0.705	2.72E-6
0.706	2.724E-6
0.707	2.731E-6
0.708	2.738E-6
0.709	2.743E-6
0.71	2.752E-6
0.711	2.758E-6
0.712	2.765E-6
0.713	2.772E-6
0.714	2.778E-6
0.715	2.785E-6
0.716	2.792E-6
0.717	2.8E-6
0.718	2.806E-6
0.719	2.814E-6
0.72	2.821E-6
0.721	2.827E-6
0.722	2.833E-6
0.723	2.841E-6
0.724	2.849E-6
0.725	2.853E-6
0.726	2.862E-6
0.727	2.869E-6
0.728	2.876E-6
0.729	2.884E-6
0.73	2.892E-6
0.731	2.897E-6
0.732	2.903E-6
0.733	2.91E-6
0.734	2.917E-6
0.735	2.924E-6
0.736	2.932E-6
0.737	2.937E-6
0.738	2.943E-6
0.739	2.951E-6
0.74	2.959E-6
0.741	2.966E-6
0.742	2.971E-6
0.743	2.982E-6
0.744	2.987E-6
0.745	2.995E-6
0.746	3.003E-6
0.747	3.009E-6
0.748	3.017E-6
0.749	3.024E-6
0.75	3.031E-6
0.751	3.04E-6
0.752	3.047E-6
0.753	3.055E-6
0.754	3.06E-6
0.755	3.07E-6
0.756	3.078E-6
0.757	3.084E-6
0.758	3.091E-6
0.759	3.101E-6
0.76	3.106E-6
0.761	3.116E-6
0.762	3.122E-6
0.763	3.131E-6
0.764	3.137E-6
0.765	3.147E-6
0.766	3.154E-6
0.767	3.161E-6
0.768	3.17E-6
0.769	3.178E-6
0.77	3.184E-6
0.771	3.191E-6
0.772	3.198E-6
0.773	3.206E-6
0.774	3.209E-6
0.775	3.222E-6
0.776	3.227E-6
0.777	3.237E-6
0.778	3.243E-6
0.779	3.252E-6
0.78	3.26E-6
0.781	3.27E-6
0.782	3.274E-6
0.783	3.285E-6
0.784	3.292E-6
0.785	3.301E-6
0.786	3.307E-6
0.787	3.317E-6
0.788	3.324E-6
0.789	3.331E-6
0.79	3.34E-6
0.791	3.349E-6
0.792	3.354E-6
0.793	3.364E-6
0.794	3.371E-6
0.795	3.379E-6
0.796	3.386E-6
0.797	3.393E-6
0.798	3.399E-6
0.799	3.407E-6
0.8	3.414E-6
0.801	3.421E-6
0.802	3.428E-6
0.803	3.435E-6
0.804	3.44E-6
0.805	3.448E-6
0.806	3.453E-6
0.807	3.462E-6
0.808	3.468E-6
0.809	3.476E-6
0.81	3.482E-6
0.811	3.492E-6
0.812	3.498E-6
0.813	3.508E-6
0.814	3.515E-6
0.815	3.525E-6
0.816	3.532E-6
0.817	3.541E-6
0.818	3.548E-6
0.819	3.563E-6
0.82	3.571E-6
0.821	3.579E-6
0.822	3.586E-6
0.823	3.596E-6
0.824	3.604E-6
0.825	3.613E-6
0.826	3.621E-6
0.827	3.631E-6
0.828	3.639E-6
0.829	3.647E-6
0.83	3.655E-6
0.831	3.666E-6
0.832	3.674E-6
0.833	3.684E-6
0.834	3.689E-6
0.835	3.7E-6
0.836	3.707E-6
0.837	3.715E-6
0.838	3.723E-6
0.839	3.734E-6
0.84	3.742E-6
0.841	3.752E-6
0.842	3.759E-6
0.843	3.771E-6
0.844	3.779E-6
0.845	3.789E-6
0.846	3.797E-6
0.847	3.808E-6
0.848	3.814E-6
0.849	3.825E-6
0.85	3.832E-6
0.851	3.844E-6
0.852	3.852E-6
0.853	3.86E-6
0.854	3.868E-6
0.855	3.88E-6
0.856	3.887E-6
0.857	3.898E-6
0.858	3.906E-6
0.859	3.917E-6
0.86	3.923E-6
0.861	3.935E-6
0.862	3.942E-6
0.863	3.954E-6
0.864	3.962E-6
0.865	3.972E-6
0.866	3.977E-6
0.867	3.989E-6
0.868	3.998E-6
0.869	4.008E-6
0.87	4.017E-6
0.871	4.029E-6
0.872	4.034E-6
0.873	4.046E-6
0.874	4.054E-6
0.875	4.065E-6
0.876	4.073E-6
0.877	4.083E-6
0.878	4.09E-6
0.879	4.104E-6
0.88	4.111E-6
0.881	4.121E-6
0.882	4.128E-6
0.883	4.14E-6
0.884	4.148E-6
0.885	4.159E-6
0.886	4.167E-6
0.887	4.178E-6
0.888	4.185E-6
0.889	4.198E-6
0.89	4.205E-6
0.891	4.215E-6
0.892	4.224E-6
0.893	4.235E-6
0.894	4.242E-6
0.895	4.254E-6
0.896	4.262E-6
0.897	4.275E-6
0.898	4.28E-6
0.899	4.294E-6
0.9	4.3E-6
0.901	4.311E-6
0.902	4.32E-6
0.903	4.332E-6
0.904	4.34E-6
0.905	4.351E-6
0.906	4.357E-6
0.907	4.371E-6
0.908	4.38E-6
0.909	4.392E-6
0.91	4.4E-6
0.911	4.414E-6
0.912	4.421E-6
0.913	4.434E-6
0.914	4.441E-6
0.915	4.455E-6
0.916	4.463E-6
0.917	4.475E-6
0.918	4.482E-6
0.919	4.497E-6
0.92	4.504E-6
0.921	4.517E-6
0.922	4.525E-6
0.923	4.535E-6
0.924	4.545E-6
0.925	4.557E-6
0.926	4.566E-6
0.927	4.579E-6
0.928	4.586E-6
0.929	4.599E-6
0.93	4.609E-6
0.931	4.622E-6
0.932	4.632E-6
0.933	4.643E-6
0.934	4.654E-6
0.935	4.669E-6
0.936	4.674E-6
0.937	4.689E-6
0.938	4.697E-6
0.939	4.712E-6
0.94	4.719E-6
0.941	4.734E-6
0.942	4.743E-6
0.943	4.757E-6
0.944	4.766E-6
0.945	4.78E-6
0.946	4.788E-6
0.947	4.805E-6
0.948	4.814E-6
0.949	4.826E-6
0.95	4.836E-6
0.951	4.853E-6
0.952	4.859E-6
0.953	4.875E-6
0.954	4.885E-6
0.955	4.899E-6
0.956	4.909E-6
0.957	4.924E-6
0.958	4.933E-6
0.959	4.948E-6
0.96	4.958E-6
0.961	4.973E-6
0.962	4.981E-6
0.963	4.998E-6
0.964	5.009E-6
0.965	5.022E-6
0.966	5.034E-6
0.967	5.049E-6
0.968	5.059E-6
0.969	5.076E-6
0.97	5.085E-6
0.971	5.101E-6
0.972	5.112E-6
0.973	5.129E-6
0.974	5.139E-6
0.975	5.154E-6
0.976	5.165E-6
0.977	5.181E-6
0.978	5.19E-6
0.979	5.208E-6
0.98	5.22E-6
0.981	5.235E-6
0.982	5.246E-6
0.983	5.264E-6
0.984	5.273E-6
0.985	5.291E-6
0.986	5.303E-6
0.987	5.318E-6
0.988	5.331E-6
0.989	5.346E-6
0.99	5.356E-6
0.991	5.373E-6
0.992	5.387E-6
0.993	5.404E-6
0.994	5.414E-6
0.995	5.433E-6
0.996	5.445E-6
0.997	5.461E-6
0.998	5.474E-6
0.999	5.492E-6
1	5.504E-6
1.001	5.523E-6
1.002	5.535E-6
1.003	5.555E-6
1.004	5.569E-6
1.005	5.588E-6
1.006	5.601E-6
1.007	5.619E-6
1.008	5.632E-6
1.009	5.651E-6
1.01	5.662E-6
1.011	5.683E-6
1.012	5.7E-6
1.013	5.714E-6
1.014	5.73E-6
1.015	5.756E-6
1.016	5.772E-6
1.017	5.792E-6
1.018	5.81E-6
1.019	5.831E-6
1.02	5.847E-6
1.021	5.87E-6
1.022	5.885E-6
1.023	5.908E-6
1.024	5.925E-6
1.025	5.948E-6
1.026	5.964E-6
1.027	5.988E-6
1.028	6.006E-6
1.029	6.027E-6
1.03	6.047E-6
1.031	6.072E-6
1.032	6.089E-6
1.033	6.115E-6
1.034	6.135E-6
1.035	6.16E-6
1.036	6.179E-6
1.037	6.206E-6
1.038	6.225E-6
1.039	6.252E-6
1.04	6.271E-6
1.041	6.299E-6
1.042	6.32E-6
1.043	6.349E-6
1.044	6.371E-6
1.045	6.397E-6
1.046	6.419E-6
1.047	6.45E-6
1.048	6.469E-6
1.049	6.499E-6
1.05	6.521E-6
1.051	6.552E-6
1.052	6.577E-6
1.053	6.608E-6
1.054	6.631E-6
1.055	6.664E-6
1.056	6.688E-6
1.057	6.719E-6
1.058	6.742E-6
1.059	6.775E-6
1.06	6.799E-6
1.061	6.829E-6
1.062	6.856E-6
1.063	6.89E-6
1.064	6.915E-6
1.065	6.95E-6
1.066	6.976E-6
1.067	7.013E-6
1.068	7.04E-6
1.069	7.073E-6
1.07	7.1E-6
1.071	7.135E-6
1.072	7.164E-6
1.073	7.197E-6
1.074	7.226E-6
1.075	7.269E-6
1.076	7.298E-6
1.077	7.333E-6
1.078	7.363E-6
1.079	7.403E-6
1.08	7.432E-6
1.081	7.469E-6
1.082	7.499E-6
1.083	7.535E-6
1.084	7.565E-6
1.085	7.601E-6
1.086	7.633E-6
1.087	7.672E-6
1.088	7.702E-6
1.089	7.742E-6
1.09	7.771E-6
1.091	7.812E-6
1.092	7.843E-6
1.093	7.882E-6
1.094	7.913E-6
1.095	7.955E-6
1.096	7.985E-6
1.097	8.024E-6
1.098	8.057E-6
1.099	8.097E-6
1.1	8.13E-6
1.101	8.172E-6
1.102	8.205E-6
1.103	8.245E-6
1.104	8.278E-6
1.105	8.322E-6
1.106	8.353E-6
1.107	8.396E-6
1.108	8.43E-6
1.109	8.469E-6
1.11	8.505E-6
1.111	8.549E-6
1.112	8.583E-6
1.113	8.628E-6
1.114	8.663E-6
1.115	8.708E-6
1.116	8.744E-6
1.117	8.787E-6
1.118	8.823E-6
1.119	8.87E-6
1.12	8.906E-6
1.121	8.952E-6
1.122	8.986E-6
1.123	9.034E-6
1.124	9.073E-6
1.125	9.119E-6
1.126	9.159E-6
1.127	9.208E-6
1.128	9.244E-6
1.129	9.289E-6
1.13	9.325E-6
1.131	9.377E-6
1.132	9.416E-6
1.133	9.464E-6
1.134	9.505E-6
1.135	9.56E-6
1.136	9.605E-6
1.137	9.664E-6
1.138	9.71E-6
1.139	9.772E-6
1.14	9.828E-6
1.141	9.896E-6
1.142	9.966E-6
1.143	1.006E-5
1.144	1.014E-5
1.145	1.025E-5
1.146	1.036E-5
1.147	1.048E-5
1.148	1.06E-5
1.149	1.073E-5
1.15	1.086E-5
1.151	1.1E-5
1.152	1.114E-5
1.153	1.129E-5
1.154	1.143E-5
1.155	1.159E-5
1.156	1.175E-5
1.157	1.192E-5
1.158	1.208E-5
1.159	1.226E-5
1.16	1.243E-5
1.161	1.262E-5
1.162	1.28E-5
1.163	1.3E-5
1.164	1.319E-5
1.165	1.34E-5
1.166	1.36E-5
1.167	1.382E-5
1.168	1.403E-5
1.169	1.426E-5
1.17	1.447E-5
1.171	1.471E-5
1.172	1.495E-5
1.173	1.52E-5
1.174	1.545E-5
1.175	1.571E-5
1.176	1.596E-5
1.177	1.623E-5
1.178	1.65E-5
1.179	1.678E-5
1.18	1.705E-5
1.181	1.734E-5
1.182	1.762E-5
1.183	1.793E-5
1.184	1.822E-5
1.185	1.854E-5
1.186	1.884E-5
1.187	1.916E-5
1.188	1.947E-5
1.189	1.981E-5
1.19	2.014E-5
1.191	2.049E-5
1.192	2.084E-5
1.193	2.119E-5
1.194	2.155E-5
1.195	2.192E-5
1.196	2.229E-5
1.197	2.267E-5
1.198	2.306E-5
1.199	2.346E-5
1.2	2.385E-5
1.201	2.426E-5
1.202	2.466E-5
1.203	2.508E-5
1.204	2.55E-5
1.205	2.593E-5
1.206	2.636E-5
1.207	2.68E-5
1.208	2.724E-5
1.209	2.77E-5
1.21	2.815E-5
1.211	2.862E-5
1.212	2.907E-5
1.213	2.956E-5
1.214	3.003E-5
1.215	3.053E-5
1.216	3.102E-5
1.217	3.154E-5
1.218	3.203E-5
1.219	3.255E-5
1.22	3.305E-5
1.221	3.358E-5
1.222	3.41E-5
1.223	3.464E-5
1.224	3.516E-5
1.225	3.571E-5
1.226	3.626E-5
1.227	3.682E-5
1.228	3.737E-5
1.229	3.797E-5
1.23	3.854E-5
1.231	3.914E-5
1.232	3.971E-5
1.233	4.031E-5
1.234	4.089E-5
1.235	4.15E-5
1.236	4.21E-5
1.237	4.272E-5
1.238	4.332E-5
1.239	4.395E-5
1.24	4.457E-5
1.241	4.521E-5
1.242	4.584E-5
1.243	4.649E-5
1.244	4.713E-5
1.245	4.779E-5
1.246	4.844E-5
1.247	4.911E-5
1.248	4.976E-5
1.249	5.044E-5
1.25	5.109E-5
1.251	5.178E-5
1.252	5.246E-5
1.253	5.315E-5
1.254	5.384E-5
1.255	5.455E-5
1.256	5.525E-5
1.257	5.596E-5
1.258	5.666E-5
1.259	5.738E-5
1.26	5.809E-5
1.261	5.882E-5
1.262	5.954E-5
1.263	6.028E-5
1.264	6.1E-5
1.265	6.175E-5
1.266	6.249E-5
1.267	6.325E-5
1.268	6.399E-5
1.269	6.475E-5
1.27	6.549E-5
1.271	6.626E-5
1.272	6.7E-5
1.273	6.777E-5
1.274	6.853E-5
1.275	6.931E-5
1.276	7.008E-5
1.277	7.088E-5
1.278	7.165E-5
1.279	7.244E-5
1.28	7.322E-5
1.281	7.402E-5
1.282	7.48E-5
1.283	7.56E-5
1.284	7.639E-5
1.285	7.72E-5
1.286	7.799E-5
1.287	7.882E-5
1.288	7.961E-5
1.289	8.042E-5
1.29	8.123E-5
1.291	8.204E-5
1.292	8.283E-5
1.293	8.366E-5
1.294	8.447E-5
1.295	8.529E-5
1.296	8.611E-5
1.297	8.695E-5
1.298	8.776E-5
1.299	8.859E-5
1.3	8.941E-5
1.301	9.024E-5
1.302	9.106E-5
1.303	9.19E-5
1.304	9.272E-5
1.305	9.356E-5
1.306	9.439E-5
1.307	9.524E-5
1.308	9.605E-5
1.309	9.69E-5
1.31	9.771E-5
1.311	9.854E-5
1.312	9.937E-5
1.313	1.002E-4
1.314	1.01E-4
1.315	1.019E-4
1.316	1.027E-4
1.317	1.036E-4
1.318	1.044E-4
1.319	1.052E-4
1.32	1.061E-4
1.321	1.069E-4
1.322	1.077E-4
1.323	1.085E-4
1.324	1.094E-4
1.325	1.102E-4
1.326	1.11E-4
1.327	1.119E-4
1.328	1.127E-4
1.329	1.135E-4
1.33	1.143E-4
1.331	1.152E-4
1.332	1.16E-4
1.333	1.168E-4
1.334	1.176E-4
1.335	1.184E-4
1.336	1.192E-4
1.337	1.201E-4
1.338	1.209E-4
1.339	1.217E-4
1.34	1.225E-4
1.341	1.233E-4
1.342	1.241E-4
1.343	1.249E-4
1.344	1.257E-4
1.345	1.265E-4
1.346	1.272E-4
1.347	1.28E-4
1.348	1.288E-4
1.349	1.296E-4
1.35	1.303E-4
1.351	1.311E-4
1.352	1.319E-4
1.353	1.326E-4
1.354	1.334E-4
1.355	1.342E-4
1.356	1.349E-4
1.357	1.357E-4
1.358	1.364E-4
1.359	1.371E-4
1.36	1.379E-4
1.361	1.386E-4
1.362	1.393E-4
1.363	1.401E-4
1.364	1.408E-4
1.365	1.415E-4
1.366	1.422E-4
1.367	1.429E-4
1.368	1.436E-4
1.369	1.443E-4
1.37	1.45E-4
1.371	1.456E-4
1.372	1.463E-4
1.373	1.47E-4
1.374	1.476E-4
1.375	1.483E-4
1.376	1.489E-4
1.377	1.496E-4
1.378	1.502E-4
1.379	1.509E-4
1.38	1.515E-4
1.381	1.521E-4
1.382	1.527E-4
1.383	1.533E-4
1.384	1.539E-4
1.385	1.545E-4
1.386	1.551E-4
1.387	1.557E-4
1.388	1.562E-4
1.389	1.568E-4
1.39	1.573E-4
1.391	1.579E-4
1.392	1.584E-4
1.393	1.589E-4
1.394	1.594E-4
1.395	1.6E-4
1.396	1.605E-4
1.397	1.609E-4
1.398	1.614E-4
1.399	1.619E-4
1.4	1.624E-4
1.401	1.628E-4
1.402	1.633E-4
1.403	1.637E-4
1.404	1.641E-4
1.405	1.646E-4
1.406	1.649E-4
1.407	1.653E-4
1.408	1.657E-4
1.409	1.661E-4
1.41	1.665E-4
1.411	1.668E-4
1.412	1.672E-4
1.413	1.675E-4
1.414	1.678E-4
1.415	1.681E-4
1.416	1.684E-4
1.417	1.687E-4
1.418	1.69E-4
1.419	1.693E-4
1.42	1.695E-4
1.421	1.698E-4
1.422	1.7E-4
1.423	1.702E-4
1.424	1.704E-4
1.425	1.706E-4
1.426	1.708E-4
1.427	1.71E-4
1.428	1.711E-4
1.429	1.713E-4
1.43	1.714E-4
1.431	1.715E-4
1.432	1.716E-4
1.433	1.717E-4
1.434	1.718E-4
1.435	1.719E-4
1.436	1.719E-4
1.437	1.72E-4
1.438	1.72E-4
1.439	1.721E-4
1.44	1.721E-4
1.441	1.721E-4
1.442	1.72E-4
1.443	1.72E-4
1.444	1.72E-4
1.445	1.719E-4
1.446	1.718E-4
1.447	1.718E-4
1.448	1.717E-4
1.449	1.716E-4
1.45	1.715E-4
1.451	1.713E-4
1.452	1.712E-4
1.453	1.711E-4
1.454	1.709E-4
1.455	1.707E-4
1.456	1.705E-4
1.457	1.704E-4
1.458	1.702E-4
1.459	1.7E-4
1.46	1.697E-4
1.461	1.695E-4
1.462	1.693E-4
1.463	1.69E-4
1.464	1.688E-4
1.465	1.685E-4
1.466	1.683E-4
1.467	1.68E-4
1.468	1.677E-4
1.469	1.674E-4
1.47	1.672E-4
1.471	1.669E-4
1.472	1.666E-4
1.473	1.663E-4
1.474	1.66E-4
1.475	1.657E-4
1.476	1.654E-4
1.477	1.65E-4
1.478	1.647E-4
1.479	1.644E-4
1.48	1.641E-4
1.481	1.638E-4
1.482	1.635E-4
1.483	1.632E-4
1.484	1.628E-4
1.485	1.625E-4
1.486	1.622E-4
1.487	1.619E-4
1.488	1.616E-4
1.489	1.613E-4
1.49	1.61E-4
1.491	1.608E-4
1.492	1.605E-4
1.493	1.602E-4
1.494	1.599E-4
1.495	1.597E-4
1.496	1.594E-4
1.497	1.592E-4
1.498	1.589E-4
1.499	1.587E-4
1.5	1.585E-4
1.501	1.583E-4
1.502	1.58E-4
1.503	1.579E-4
1.504	1.577E-4
1.505	1.575E-4
1.506	1.573E-4
1.507	1.572E-4
1.508	1.57E-4
1.509	1.569E-4
1.51	1.567E-4
1.511	1.566E-4
1.512	1.565E-4
1.513	1.564E-4
1.514	1.563E-4
1.515	1.563E-4
1.516	1.562E-4
1.517	1.562E-4
1.518	1.561E-4
1.519	1.561E-4
1.52	1.561E-4
1.521	1.561E-4
1.522	1.561E-4
1.523	1.561E-4
1.524	1.562E-4
1.525	1.562E-4
1.526	1.563E-4
1.527	1.564E-4
1.528	1.564E-4
1.529	1.566E-4
1.53	1.567E-4
1.531	1.568E-4
1.532	1.569E-4
1.533	1.571E-4
1.534	1.573E-4
1.535	1.574E-4
1.536	1.576E-4
1.537	1.578E-4
1.538	1.58E-4
1.539	1.582E-4
1.54	1.585E-4
1.541	1.587E-4
1.542	1.589E-4
1.543	1.592E-4
1.544	1.595E-4
1.545	1.598E-4
1.546	1.6E-4
1.547	1.603E-4
1.548	1.606E-4
1.549	1.61E-4
1.55	1.613E-4
1.551	1.616E-4
1.552	1.619E-4
1.553	1.623E-4
1.554	1.626E-4
1.555	1.63E-4
1.556	1.633E-4
1.557	1.637E-4
1.558	1.641E-4
1.559	1.645E-4
1.56	1.649E-4
1.561	1.653E-4
1.562	1.657E-4
1.563	1.661E-4
1.564	1.664E-4
1.565	1.668E-4
1.566	1.673E-4
1.567	1.677E-4
1.568	1.681E-4
1.569	1.685E-4
1.57	1.689E-4
1.571	1.693E-4
1.572	1.697E-4
1.573	1.701E-4
1.574	1.705E-4
1.575	1.709E-4
1.576	1.713E-4
1.577	1.717E-4
1.578	1.721E-4
1.579	1.725E-4
1.58	1.729E-4
1.581	1.733E-4
1.582	1.737E-4
1.583	1.74E-4
1.584	1.744E-4
1.585	1.748E-4
1.586	1.751E-4
1.587	1.755E-4
1.588	1.758E-4
1.589	1.761E-4
1.59	1.765E-4
1.591	1.768E-4
1.592	1.771E-4
1.593	1.774E-4
1.594	1.776E-4
1.595	1.779E-4
1.596	1.782E-4
1.597	1.784E-4
1.598	1.786E-4
1.599	1.789E-4
1.6	1.785E-4
1.599	1.752E-4
1.598	1.716E-4
1.597	1.682E-4
1.596	1.652E-4
1.595	1.625E-4
1.594	1.599E-4
1.593	1.575E-4
1.592	1.551E-4
1.591	1.529E-4
1.59	1.508E-4
1.589	1.488E-4
1.588	1.468E-4
1.587	1.449E-4
1.586	1.431E-4
1.585	1.413E-4
1.584	1.395E-4
1.583	1.378E-4
1.582	1.361E-4
1.581	1.345E-4
1.58	1.329E-4
1.579	1.313E-4
1.578	1.298E-4
1.577	1.283E-4
1.576	1.269E-4
1.575	1.254E-4
1.574	1.24E-4
1.573	1.226E-4
1.572	1.212E-4
1.571	1.198E-4
1.57	1.185E-4
1.569	1.172E-4
1.568	1.159E-4
1.567	1.146E-4
1.566	1.134E-4
1.565	1.122E-4
1.564	1.109E-4
1.563	1.098E-4
1.562	1.086E-4
1.561	1.074E-4
1.56	1.062E-4
1.559	1.051E-4
1.558	1.04E-4
1.557	1.029E-4
1.556	1.018E-4
1.555	1.008E-4
1.554	9.972E-5
1.553	9.87E-5
1.552	9.769E-5
1.551	9.671E-5
1.55	9.575E-5
1.549	9.478E-5
1.548	9.382E-5
1.547	9.288E-5
1.546	9.197E-5
1.545	9.107E-5
1.544	9.02E-5
1.543	8.934E-5
1.542	8.849E-5
1.541	8.766E-5
1.54	8.685E-5
1.539	8.605E-5
1.538	8.527E-5
1.537	8.451E-5
1.536	8.376E-5
1.535	8.303E-5
1.534	8.232E-5
1.533	8.164E-5
1.532	8.097E-5
1.531	8.032E-5
1.53	7.968E-5
1.529	7.905E-5
1.528	7.845E-5
1.527	7.785E-5
1.526	7.728E-5
1.525	7.673E-5
1.524	7.62E-5
1.523	7.568E-5
1.522	7.518E-5
1.521	7.47E-5
1.52	7.423E-5
1.519	7.378E-5
1.518	7.336E-5
1.517	7.294E-5
1.516	7.254E-5
1.515	7.215E-5
1.514	7.179E-5
1.513	7.144E-5
1.512	7.111E-5
1.511	7.079E-5
1.51	7.047E-5
1.509	7.017E-5
1.508	6.989E-5
1.507	6.962E-5
1.506	6.937E-5
1.505	6.914E-5
1.504	6.891E-5
1.503	6.869E-5
1.502	6.85E-5
1.501	6.83E-5
1.5	6.813E-5
1.499	6.796E-5
1.498	6.78E-5
1.497	6.765E-5
1.496	6.75E-5
1.495	6.736E-5
1.494	6.725E-5
1.493	6.712E-5
1.492	6.702E-5
1.491	6.691E-5
1.49	6.681E-5
1.489	6.673E-5
1.488	6.664E-5
1.487	6.655E-5
1.486	6.648E-5
1.485	6.64E-5
1.484	6.633E-5
1.483	6.627E-5
1.482	6.621E-5
1.481	6.615E-5
1.48	6.609E-5
1.479	6.604E-5
1.478	6.598E-5
1.477	6.592E-5
1.476	6.587E-5
1.475	6.582E-5
1.474	6.576E-5
1.473	6.571E-5
1.472	6.565E-5
1.471	6.559E-5
1.47	6.554E-5
1.469	6.548E-5
1.468	6.542E-5
1.467	6.536E-5
1.466	6.531E-5
1.465	6.524E-5
1.464	6.518E-5
1.463	6.511E-5
1.462	6.505E-5
1.461	6.497E-5
1.46	6.491E-5
1.459	6.482E-5
1.458	6.475E-5
1.457	6.467E-5
1.456	6.458E-5
1.455	6.45E-5
1.454	6.441E-5
1.453	6.431E-5
1.452	6.422E-5
1.451	6.413E-5
1.45	6.402E-5
1.449	6.392E-5
1.448	6.382E-5
1.447	6.37E-5
1.446	6.359E-5
1.445	6.347E-5
1.444	6.335E-5
1.443	6.322E-5
1.442	6.31E-5
1.441	6.297E-5
1.44	6.283E-5
1.439	6.269E-5
1.438	6.256E-5
1.437	6.241E-5
1.436	6.226E-5
1.435	6.21E-5
1.434	6.194E-5
1.433	6.178E-5
1.432	6.162E-5
1.431	6.145E-5
1.43	6.129E-5
1.429	6.112E-5
1.428	6.095E-5
1.427	6.077E-5
1.426	6.058E-5
1.425	6.04E-5
1.424	6.022E-5
1.423	6.003E-5
1.422	5.984E-5
1.421	5.964E-5
1.42	5.944E-5
1.419	5.923E-5
1.418	5.903E-5
1.417	5.882E-5
1.416	5.861E-5
1.415	5.84E-5
1.414	5.818E-5
1.413	5.796E-5
1.412	5.774E-5
1.411	5.751E-5
1.41	5.728E-5
1.409	5.705E-5
1.408	5.681E-5
1.407	5.657E-5
1.406	5.634E-5
1.405	5.609E-5
1.404	5.585E-5
1.403	5.56E-5
1.402	5.535E-5
1.401	5.509E-5
1.4	5.484E-5
1.399	5.457E-5
1.398	5.431E-5
1.397	5.404E-5
1.396	5.378E-5
1.395	5.35E-5
1.394	5.323E-5
1.393	5.296E-5
1.392	5.268E-5
1.391	5.241E-5
1.39	5.213E-5
1.389	5.185E-5
1.388	5.156E-5
1.387	5.127E-5
1.386	5.099E-5
1.385	5.069E-5
1.384	5.042E-5
1.383	5.013E-5
1.382	4.983E-5
1.381	4.953E-5
1.38	4.923E-5
1.379	4.892E-5
1.378	4.862E-5
1.377	4.832E-5
1.376	4.801E-5
1.375	4.77E-5
1.374	4.739E-5
1.373	4.708E-5
1.372	4.676E-5
1.371	4.644E-5
1.37	4.612E-5
1.369	4.58E-5
1.368	4.548E-5
1.367	4.515E-5
1.366	4.484E-5
1.365	4.451E-5
1.364	4.419E-5
1.363	4.386E-5
1.362	4.354E-5
1.361	4.321E-5
1.36	4.288E-5
1.359	4.255E-5
1.358	4.222E-5
1.357	4.189E-5
1.356	4.156E-5
1.355	4.122E-5
1.354	4.089E-5
1.353	4.055E-5
1.352	4.022E-5
1.351	3.988E-5
1.35	3.954E-5
1.349	3.92E-5
1.348	3.887E-5
1.347	3.852E-5
1.346	3.818E-5
1.345	3.784E-5
1.344	3.749E-5
1.343	3.715E-5
1.342	3.682E-5
1.341	3.647E-5
1.34	3.614E-5
1.339	3.579E-5
1.338	3.545E-5
1.337	3.511E-5
1.336	3.478E-5
1.335	3.445E-5
1.334	3.411E-5
1.333	3.377E-5
1.332	3.343E-5
1.331	3.308E-5
1.33	3.274E-5
1.329	3.241E-5
1.328	3.207E-5
1.327	3.172E-5
1.326	3.139E-5
1.325	3.105E-5
1.324	3.07E-5
1.323	3.036E-5
1.322	3.002E-5
1.321	2.968E-5
1.32	2.935E-5
1.319	2.902E-5
1.318	2.869E-5
1.317	2.835E-5
1.316	2.802E-5
1.315	2.769E-5
1.314	2.736E-5
1.313	2.703E-5
1.312	2.671E-5
1.311	2.637E-5
1.31	2.605E-5
1.309	2.572E-5
1.308	2.54E-5
1.307	2.508E-5
1.306	2.477E-5
1.305	2.444E-5
1.304	2.413E-5
1.303	2.38E-5
1.302	2.349E-5
1.301	2.317E-5
1.3	2.285E-5
1.299	2.253E-5
1.298	2.223E-5
1.297	2.191E-5
1.296	2.161E-5
1.295	2.13E-5
1.294	2.101E-5
1.293	2.07E-5
1.292	2.04E-5
1.291	2.01E-5
1.29	1.981E-5
1.289	1.951E-5
1.288	1.922E-5
1.287	1.894E-5
1.286	1.866E-5
1.285	1.837E-5
1.284	1.808E-5
1.283	1.779E-5
1.282	1.752E-5
1.281	1.724E-5
1.28	1.696E-5
1.279	1.668E-5
1.278	1.641E-5
1.277	1.614E-5
1.276	1.587E-5
1.275	1.56E-5
1.274	1.534E-5
1.273	1.506E-5
1.272	1.48E-5
1.271	1.454E-5
1.27	1.429E-5
1.269	1.403E-5
1.268	1.378E-5
1.267	1.353E-5
1.266	1.329E-5
1.265	1.304E-5
1.264	1.281E-5
1.263	1.256E-5
1.262	1.233E-5
1.261	1.209E-5
1.26	1.186E-5
1.259	1.163E-5
1.258	1.14E-5
1.257	1.117E-5
1.256	1.095E-5
1.255	1.073E-5
1.254	1.051E-5
1.253	1.029E-5
1.252	1.008E-5
1.251	9.865E-6
1.25	9.659E-6
1.249	9.45E-6
1.248	9.251E-6
1.247	9.046E-6
1.246	8.852E-6
1.245	8.65E-6
1.244	8.458E-6
1.243	8.264E-6
1.242	8.074E-6
1.241	7.884E-6
1.24	7.699E-6
1.239	7.512E-6
1.238	7.332E-6
1.237	7.143E-6
1.236	6.967E-6
1.235	6.79E-6
1.234	6.62E-6
1.233	6.447E-6
1.232	6.282E-6
1.231	6.113E-6
1.23	5.954E-6
1.229	5.782E-6
1.228	5.622E-6
1.227	5.468E-6
1.226	5.316E-6
1.225	5.161E-6
1.224	5.015E-6
1.223	4.863E-6
1.222	4.72E-6
1.221	4.57E-6
1.22	4.432E-6
1.219	4.287E-6
1.218	4.152E-6
1.217	4.013E-6
1.216	3.879E-6
1.215	3.739E-6
1.214	3.614E-6
1.213	3.482E-6
1.212	3.374E-6
1.211	3.249E-6
1.21	3.126E-6
1.209	2.999E-6
1.208	2.881E-6
1.207	2.756E-6
1.206	2.64E-6
1.205	2.523E-6
1.204	2.408E-6
1.203	2.291E-6
1.202	2.178E-6
1.201	2.063E-6
1.2	1.958E-6
1.199	1.844E-6
1.198	1.741E-6
1.197	1.63E-6
1.196	1.525E-6
1.195	1.422E-6
1.194	1.322E-6
1.193	1.222E-6
1.192	1.121E-6
1.191	1.016E-6
1.19	9.198E-7
1.189	8.162E-7
1.188	7.216E-7
1.187	6.227E-7
1.186	5.305E-7
1.185	4.313E-7
1.184	3.378E-7
1.183	2.398E-7
1.182	1.502E-7
1.181	5.597E-8
1.18	-3.554E-8
1.179	-1.313E-7
1.178	-2.192E-7
1.177	-3.163E-7
1.176	-4.025E-7
1.175	-4.967E-7
1.174	-5.915E-7
1.173	-6.852E-7
1.172	-7.738E-7
1.171	-8.686E-7
1.17	-9.517E-7
1.169	-1.043E-6
1.168	-1.13E-6
1.167	-1.22E-6
1.166	-1.306E-6
1.165	-1.399E-6
1.164	-1.486E-6
1.163	-1.575E-6
1.162	-1.662E-6
1.161	-1.754E-6
1.16	-1.84E-6
1.159	-1.932E-6
1.158	-2.02E-6
1.157	-2.112E-6
1.156	-2.198E-6
1.155	-2.293E-6
1.154	-2.38E-6
1.153	-2.469E-6
1.152	-2.558E-6
1.151	-2.649E-6
1.15	-2.737E-6
1.149	-2.835E-6
1.148	-2.923E-6
1.147	-3.018E-6
1.146	-3.109E-6
1.145	-3.206E-6
1.144	-3.297E-6
1.143	-3.396E-6
1.142	-3.488E-6
1.141	-3.587E-6
1.14	-3.679E-6
1.139	-3.779E-6
1.138	-3.874E-6
1.137	-3.975E-6
1.136	-4.069E-6
1.135	-4.175E-6
1.134	-4.27E-6
1.133	-4.376E-6
1.132	-4.472E-6
1.131	-4.573E-6
1.13	-4.673E-6
1.129	-4.782E-6
1.128	-4.882E-6
1.127	-4.993E-6
1.126	-5.096E-6
1.125	-5.204E-6
1.124	-5.308E-6
1.123	-5.419E-6
1.122	-5.527E-6
1.121	-5.64E-6
1.12	-5.747E-6
1.119	-5.864E-6
1.118	-5.971E-6
1.117	-6.088E-6
1.116	-6.199E-6
1.115	-6.315E-6
1.114	-6.428E-6
1.113	-6.545E-6
1.112	-6.66E-6
1.111	-6.782E-6
1.11	-6.897E-6
1.109	-7.023E-6
1.108	-7.139E-6
1.107	-7.266E-6
1.106	-7.386E-6
1.105	-7.514E-6
1.104	-7.634E-6
1.103	-7.765E-6
1.102	-7.886E-6
1.101	-8.019E-6
1.1	-8.145E-6
1.099	-8.279E-6
1.098	-8.41E-6
1.097	-8.551E-6
1.096	-8.679E-6
1.095	-8.82E-6
1.094	-8.951E-6
1.093	-9.09E-6
1.092	-9.222E-6
1.091	-9.362E-6
1.09	-9.499E-6
1.089	-9.64E-6
1.088	-9.778E-6
1.087	-9.925E-6
1.086	-1.006E-5
1.085	-1.021E-5
1.084	-1.035E-5
1.083	-1.049E-5
1.082	-1.064E-5
1.081	-1.079E-5
1.08	-1.093E-5
1.079	-1.108E-5
1.078	-1.123E-5
1.077	-1.138E-5
1.076	-1.153E-5
1.075	-1.169E-5
1.074	-1.184E-5
1.073	-1.2E-5
1.072	-1.215E-5
1.071	-1.23E-5
1.07	-1.244E-5
1.069	-1.261E-5
1.068	-1.276E-5
1.067	-1.293E-5
1.066	-1.308E-5
1.065	-1.325E-5
1.064	-1.341E-5
1.063	-1.358E-5
1.062	-1.374E-5
1.061	-1.391E-5
1.06	-1.407E-5
1.059	-1.424E-5
1.058	-1.44E-5
1.057	-1.457E-5
1.056	-1.474E-5
1.055	-1.492E-5
1.054	-1.508E-5
1.053	-1.526E-5
1.052	-1.543E-5
1.051	-1.56E-5
1.05	-1.578E-5
1.049	-1.596E-5
1.048	-1.613E-5
1.047	-1.632E-5
1.046	-1.65E-5
1.045	-1.668E-5
1.044	-1.686E-5
1.043	-1.704E-5
1.042	-1.722E-5
1.041	-1.741E-5
1.04	-1.759E-5
1.039	-1.777E-5
1.038	-1.795E-5
1.037	-1.814E-5
1.036	-1.832E-5
1.035	-1.851E-5
1.034	-1.869E-5
1.033	-1.888E-5
1.032	-1.907E-5
1.031	-1.926E-5
1.03	-1.944E-5
1.029	-1.964E-5
1.028	-1.982E-5
1.027	-2.002E-5
1.026	-2.02E-5
1.025	-2.04E-5
1.024	-2.059E-5
1.023	-2.079E-5
1.022	-2.098E-5
1.021	-2.118E-5
1.02	-2.137E-5
1.019	-2.157E-5
1.018	-2.176E-5
1.017	-2.196E-5
1.016	-2.215E-5
1.015	-2.234E-5
1.014	-2.254E-5
1.013	-2.274E-5
1.012	-2.293E-5
1.011	-2.314E-5
1.01	-2.333E-5
1.009	-2.353E-5
1.008	-2.373E-5
1.007	-2.393E-5
1.006	-2.413E-5
1.005	-2.434E-5
1.004	-2.454E-5
1.003	-2.474E-5
1.002	-2.494E-5
1.001	-2.514E-5
1	-2.533E-5
0.999	-2.554E-5
0.998	-2.574E-5
0.997	-2.594E-5
0.996	-2.613E-5
0.995	-2.634E-5
0.994	-2.653E-5
0.993	-2.674E-5
0.992	-2.693E-5
0.991	-2.714E-5
0.99	-2.733E-5
0.989	-2.754E-5
0.988	-2.773E-5
0.987	-2.793E-5
0.986	-2.811E-5
0.985	-2.832E-5
0.984	-2.851E-5
0.983	-2.872E-5
0.982	-2.891E-5
0.981	-2.911E-5
0.98	-2.93E-5
0.979	-2.951E-5
0.978	-2.97E-5
0.977	-2.99E-5
0.976	-3.008E-5
0.975	-3.028E-5
0.974	-3.047E-5
0.973	-3.067E-5
0.972	-3.087E-5
0.971	-3.106E-5
0.97	-3.125E-5
0.969	-3.145E-5
0.968	-3.164E-5
0.967	-3.183E-5
0.966	-3.203E-5
0.965	-3.222E-5
0.964	-3.241E-5
0.963	-3.26E-5
0.962	-3.278E-5
0.961	-3.298E-5
0.96	-3.316E-5
0.959	-3.335E-5
0.958	-3.353E-5
0.957	-3.371E-5
0.956	-3.389E-5
0.955	-3.407E-5
0.954	-3.425E-5
0.953	-3.443E-5
0.952	-3.46E-5
0.951	-3.478E-5
0.95	-3.495E-5
0.949	-3.513E-5
0.948	-3.53E-5
0.947	-3.548E-5
0.946	-3.564E-5
0.945	-3.582E-5
0.944	-3.598E-5
0.943	-3.615E-5
0.942	-3.631E-5
0.941	-3.648E-5
0.94	-3.664E-5
0.939	-3.68E-5
0.938	-3.696E-5
0.937	-3.712E-5
0.936	-3.727E-5
0.935	-3.743E-5
0.934	-3.758E-5
0.933	-3.774E-5
0.932	-3.788E-5
0.931	-3.803E-5
0.93	-3.818E-5
0.929	-3.832E-5
0.928	-3.847E-5
0.927	-3.861E-5
0.926	-3.875E-5
0.925	-3.889E-5
0.924	-3.902E-5
0.923	-3.916E-5
0.922	-3.929E-5
0.921	-3.943E-5
0.92	-3.955E-5
0.919	-3.968E-5
0.918	-3.981E-5
0.917	-3.994E-5
0.916	-4.006E-5
0.915	-4.018E-5
0.914	-4.03E-5
0.913	-4.042E-5
0.912	-4.052E-5
0.911	-4.064E-5
0.91	-4.074E-5
0.909	-4.086E-5
0.908	-4.095E-5
0.907	-4.106E-5
0.906	-4.116E-5
0.905	-4.126E-5
0.904	-4.135E-5
0.903	-4.144E-5
0.902	-4.153E-5
0.901	-4.162E-5
0.9	-4.17E-5
0.899	-4.179E-5
0.898	-4.186E-5
0.897	-4.194E-5
0.896	-4.202E-5
0.895	-4.21E-5
0.894	-4.216E-5
0.893	-4.224E-5
0.892	-4.23E-5
0.891	-4.237E-5
0.89	-4.242E-5
0.889	-4.249E-5
0.888	-4.254E-5
0.887	-4.26E-5
0.886	-4.264E-5
0.885	-4.27E-5
0.884	-4.274E-5
0.883	-4.278E-5
0.882	-4.282E-5
0.881	-4.286E-5
0.88	-4.289E-5
0.879	-4.293E-5
0.878	-4.296E-5
0.877	-4.299E-5
0.876	-4.302E-5
0.875	-4.304E-5
0.874	-4.306E-5
0.873	-4.308E-5
0.872	-4.309E-5
0.871	-4.311E-5
0.87	-4.311E-5
0.869	-4.313E-5
0.868	-4.312E-5
0.867	-4.313E-5
0.866	-4.313E-5
0.865	-4.313E-5
0.864	-4.312E-5
0.863	-4.312E-5
0.862	-4.31E-5
0.861	-4.309E-5
0.86	-4.308E-5
0.859	-4.306E-5
0.858	-4.304E-5
0.857	-4.302E-5
0.856	-4.299E-5
0.855	-4.297E-5
0.854	-4.293E-5
0.853	-4.29E-5
0.852	-4.286E-5
0.851	-4.283E-5
0.85	-4.279E-5
0.849	-4.275E-5
0.848	-4.27E-5
0.847	-4.266E-5
0.846	-4.261E-5
0.845	-4.256E-5
0.844	-4.251E-5
0.843	-4.246E-5
0.842	-4.24E-5
0.841	-4.234E-5
0.84	-4.227E-5
0.839	-4.221E-5
0.838	-4.214E-5
0.837	-4.208E-5
0.836	-4.201E-5
0.835	-4.194E-5
0.834	-4.186E-5
0.833	-4.179E-5
0.832	-4.171E-5
0.831	-4.164E-5
0.83	-4.156E-5
0.829	-4.148E-5
0.828	-4.139E-5
0.827	-4.131E-5
0.826	-4.122E-5
0.825	-4.114E-5
0.824	-4.104E-5
0.823	-4.095E-5
0.822	-4.085E-5
0.821	-4.076E-5
0.82	-4.066E-5
0.819	-4.058E-5
0.818	-4.047E-5
0.817	-4.038E-5
0.816	-4.027E-5
0.815	-4.017E-5
0.814	-4.006E-5
0.813	-3.996E-5
0.812	-3.984E-5
0.811	-3.973E-5
0.81	-3.962E-5
0.809	-3.952E-5
0.808	-3.94E-5
0.807	-3.929E-5
0.806	-3.917E-5
0.805	-3.906E-5
0.804	-3.894E-5
0.803	-3.884E-5
0.802	-3.871E-5
0.801	-3.86E-5
0.8	-3.848E-5
0.799	-3.837E-5
0.798	-3.824E-5
0.797	-3.813E-5
0.796	-3.8E-5
0.795	-3.789E-5
0.794	-3.777E-5
0.793	-3.766E-5
0.792	-3.753E-5
0.791	-3.741E-5
0.79	-3.728E-5
0.789	-3.716E-5
0.788	-3.703E-5
0.787	-3.691E-5
0.786	-3.678E-5
0.785	-3.666E-5
0.784	-3.653E-5
0.783	-3.641E-5
0.782	-3.628E-5
0.781	-3.616E-5
0.78	-3.603E-5
0.779	-3.591E-5
0.778	-3.578E-5
0.777	-3.566E-5
0.776	-3.553E-5
0.775	-3.541E-5
0.774	-3.528E-5
0.773	-3.515E-5
0.772	-3.503E-5
0.771	-3.49E-5
0.77	-3.477E-5
0.769	-3.465E-5
0.768	-3.452E-5
0.767	-3.44E-5
0.766	-3.427E-5
0.765	-3.415E-5
0.764	-3.402E-5
0.763	-3.39E-5
0.762	-3.378E-5
0.761	-3.366E-5
0.76	-3.353E-5
0.759	-3.341E-5
0.758	-3.329E-5
0.757	-3.317E-5
0.756	-3.304E-5
0.755	-3.292E-5
0.754	-3.28E-5
0.753	-3.268E-5
0.752	-3.255E-5
0.751	-3.244E-5
0.75	-3.231E-5
0.749	-3.22E-5
0.748	-3.207E-5
0.747	-3.195E-5
0.746	-3.182E-5
0.745	-3.171E-5
0.744	-3.159E-5
0.743	-3.148E-5
0.742	-3.136E-5
0.741	-3.124E-5
0.74	-3.112E-5
0.739	-3.101E-5
0.738	-3.089E-5
0.737	-3.079E-5
0.736	-3.067E-5
0.735	-3.056E-5
0.734	-3.044E-5
0.733	-3.033E-5
0.732	-3.021E-5
0.731	-3.011E-5
0.73	-3E-5
0.729	-2.99E-5
0.728	-2.978E-5
0.727	-2.968E-5
0.726	-2.957E-5
0.725	-2.946E-5
0.724	-2.935E-5
0.723	-2.925E-5
0.722	-2.914E-5
0.721	-2.904E-5
0.72	-2.893E-5
0.719	-2.883E-5
0.718	-2.872E-5
0.717	-2.863E-5
0.716	-2.852E-5
0.715	-2.842E-5
0.714	-2.831E-5
0.713	-2.822E-5
0.712	-2.811E-5
0.711	-2.803E-5
0.71	-2.794E-5
0.709	-2.785E-5
0.708	-2.774E-5
0.707	-2.765E-5
0.706	-2.755E-5
0.705	-2.746E-5
0.704	-2.736E-5
0.703	-2.727E-5
0.702	-2.717E-5
0.701	-2.709E-5
0.7	-2.698E-5
0.699	-2.69E-5
0.698	-2.68E-5
0.697	-2.671E-5
0.696	-2.661E-5
0.695	-2.653E-5
0.694	-2.644E-5
0.693	-2.635E-5
0.692	-2.626E-5
0.691	-2.618E-5
0.69	-2.609E-5
0.689	-2.601E-5
0.688	-2.592E-5
0.687	-2.584E-5
0.686	-2.575E-5
0.685	-2.567E-5
0.684	-2.558E-5
0.683	-2.55E-5
0.682	-2.541E-5
0.681	-2.534E-5
0.68	-2.524E-5
0.679	-2.517E-5
0.678	-2.508E-5
0.677	-2.501E-5
0.676	-2.492E-5
0.675	-2.485E-5
0.674	-2.476E-5
0.673	-2.469E-5
0.672	-2.46E-5
0.671	-2.453E-5
0.67	-2.445E-5
0.669	-2.438E-5
0.668	-2.429E-5
0.667	-2.422E-5
0.666	-2.414E-5
0.665	-2.406E-5
0.664	-2.398E-5
0.663	-2.391E-5
0.662	-2.383E-5
0.661	-2.377E-5
0.66	-2.369E-5
0.659	-2.362E-5
0.658	-2.354E-5
0.657	-2.348E-5
0.656	-2.34E-5
0.655	-2.334E-5
0.654	-2.326E-5
0.653	-2.32E-5
0.652	-2.312E-5
0.651	-2.306E-5
0.65	-2.298E-5
0.649	-2.292E-5
0.648	-2.284E-5
0.647	-2.279E-5
0.646	-2.271E-5
0.645	-2.265E-5
0.644	-2.258E-5
0.643	-2.252E-5
0.642	-2.245E-5
0.641	-2.239E-5
0.64	-2.232E-5
0.639	-2.226E-5
0.638	-2.219E-5
0.637	-2.213E-5
0.636	-2.206E-5
0.635	-2.201E-5
0.634	-2.194E-5
0.633	-2.188E-5
0.632	-2.181E-5
0.631	-2.176E-5
0.63	-2.169E-5
0.629	-2.163E-5
0.628	-2.157E-5
0.627	-2.151E-5
0.626	-2.145E-5
0.625	-2.139E-5
0.624	-2.132E-5
0.623	-2.127E-5
0.622	-2.12E-5
0.621	-2.115E-5
0.62	-2.109E-5
0.619	-2.104E-5
0.618	-2.097E-5
0.617	-2.092E-5
0.616	-2.085E-5
0.615	-2.08E-5
0.614	-2.074E-5
0.613	-2.07E-5
0.612	-2.063E-5
0.611	-2.059E-5
0.61	-2.052E-5
0.609	-2.047E-5
0.608	-2.041E-5
0.607	-2.037E-5
0.606	-2.031E-5
0.605	-2.027E-5
0.604	-2.021E-5
0.603	-2.016E-5
0.602	-2.01E-5
0.601	-2.004E-5
0.6	-1.998E-5
0.599	-1.994E-5
0.598	-1.988E-5
0.597	-1.983E-5
0.596	-1.977E-5
0.595	-1.973E-5
0.594	-1.967E-5
0.593	-1.962E-5
0.592	-1.957E-5
0.591	-1.952E-5
0.59	-1.946E-5
0.589	-1.942E-5
0.588	-1.937E-5
0.587	-1.932E-5
0.586	-1.926E-5
0.585	-1.921E-5
0.584	-1.915E-5
0.583	-1.911E-5
0.582	-1.906E-5
0.581	-1.901E-5
0.58	-1.896E-5
0.579	-1.891E-5
0.578	-1.886E-5
0.577	-1.882E-5
0.576	-1.877E-5
0.575	-1.872E-5
0.574	-1.867E-5
0.573	-1.863E-5
0.572	-1.857E-5
0.571	-1.853E-5
0.57	-1.848E-5
0.569	-1.843E-5
0.568	-1.838E-5
0.567	-1.834E-5
0.566	-1.829E-5
0.565	-1.824E-5
0.564	-1.82E-5
0.563	-1.816E-5
0.562	-1.811E-5
0.561	-1.807E-5
0.56	-1.802E-5
0.559	-1.798E-5
0.558	-1.793E-5
0.557	-1.789E-5
0.556	-1.784E-5
0.555	-1.78E-5
0.554	-1.775E-5
0.553	-1.772E-5
0.552	-1.767E-5
0.551	-1.763E-5
0.55	-1.758E-5
0.549	-1.754E-5
0.548	-1.749E-5
0.547	-1.745E-5
0.546	-1.741E-5
0.545	-1.737E-5
0.544	-1.732E-5
0.543	-1.728E-5
0.542	-1.724E-5
0.541	-1.72E-5
0.54	-1.715E-5
0.539	-1.711E-5
0.538	-1.707E-5
0.537	-1.703E-5
0.536	-1.699E-5
0.535	-1.695E-5
0.534	-1.691E-5
0.533	-1.687E-5
0.532	-1.683E-5
0.531	-1.679E-5
0.53	-1.675E-5
0.529	-1.671E-5
0.528	-1.667E-5
0.527	-1.663E-5
0.526	-1.659E-5
0.525	-1.655E-5
0.524	-1.651E-5
0.523	-1.647E-5
0.522	-1.643E-5
0.521	-1.639E-5
0.52	-1.635E-5
0.519	-1.632E-5
0.518	-1.627E-5
0.517	-1.624E-5
0.516	-1.619E-5
0.515	-1.616E-5
0.514	-1.612E-5
0.513	-1.608E-5
0.512	-1.604E-5
0.511	-1.601E-5
0.51	-1.597E-5
0.509	-1.593E-5
0.508	-1.589E-5
0.507	-1.586E-5
0.506	-1.582E-5
0.505	-1.579E-5
0.504	-1.575E-5
0.503	-1.572E-5
0.502	-1.568E-5
0.501	-1.565E-5
0.5	-1.561E-5
0.499	-1.558E-5
0.498	-1.554E-5
0.497	-1.551E-5
0.496	-1.547E-5
0.495	-1.544E-5
0.494	-1.54E-5
0.493	-1.537E-5
0.492	-1.533E-5
0.491	-1.53E-5
0.49	-1.526E-5
0.489	-1.523E-5
0.488	-1.519E-5
0.487	-1.517E-5
0.486	-1.513E-5
0.485	-1.51E-5
0.484	-1.507E-5
0.483	-1.504E-5
0.482	-1.5E-5
0.481	-1.497E-5
0.48	-1.494E-5
0.479	-1.491E-5
0.478	-1.487E-5
0.477	-1.484E-5
0.476	-1.48E-5
0.475	-1.478E-5
0.474	-1.474E-5
0.473	-1.471E-5
0.472	-1.468E-5
0.471	-1.465E-5
0.47	-1.462E-5
0.469	-1.459E-5
0.468	-1.456E-5
0.467	-1.453E-5
0.466	-1.45E-5
0.465	-1.447E-5
0.464	-1.444E-5
0.463	-1.441E-5
0.462	-1.438E-5
0.461	-1.435E-5
0.46	-1.432E-5
0.459	-1.429E-5
0.458	-1.426E-5
0.457	-1.424E-5
0.456	-1.42E-5
0.455	-1.418E-5
0.454	-1.415E-5
0.453	-1.412E-5
0.452	-1.409E-5
0.451	-1.407E-5
0.45	-1.403E-5
0.449	-1.401E-5
0.448	-1.398E-5
0.447	-1.395E-5
0.446	-1.392E-5
0.445	-1.39E-5
0.444	-1.387E-5
0.443	-1.384E-5
0.442	-1.381E-5
0.441	-1.379E-5
0.44	-1.376E-5
0.439	-1.373E-5
0.438	-1.37E-5
0.437	-1.368E-5
0.436	-1.365E-5
0.435	-1.363E-5
0.434	-1.36E-5
0.433	-1.357E-5
0.432	-1.354E-5
0.431	-1.352E-5
0.43	-1.349E-5
0.429	-1.347E-5
0.428	-1.344E-5
0.427	-1.342E-5
0.426	-1.339E-5
0.425	-1.336E-5
0.424	-1.333E-5
0.423	-1.331E-5
0.422	-1.329E-5
0.421	-1.326E-5
0.42	-1.324E-5
0.419	-1.321E-5
0.418	-1.319E-5
0.417	-1.316E-5
0.416	-1.314E-5
0.415	-1.312E-5
0.414	-1.309E-5
0.413	-1.306E-5
0.412	-1.304E-5
0.411	-1.302E-5
0.41	-1.3E-5
0.409	-1.298E-5
0.408	-1.295E-5
0.407	-1.293E-5
0.406	-1.29E-5
0.405	-1.288E-5
0.404	-1.285E-5
0.403	-1.283E-5
0.402	-1.281E-5
0.401	-1.279E-5
0.4	-1.276E-5
0.399	-1.274E-5
0.398	-1.272E-5
0.397	-1.27E-5
0.396	-1.267E-5
0.395	-1.265E-5
0.394	-1.263E-5
0.393	-1.261E-5
0.392	-1.258E-5
0.391	-1.256E-5
0.39	-1.254E-5
0.389	-1.252E-5
0.388	-1.249E-5
0.387	-1.247E-5
0.386	-1.245E-5
0.385	-1.243E-5
0.384	-1.241E-5
0.383	-1.239E-5
0.382	-1.237E-5
0.381	-1.235E-5
0.38	-1.233E-5
0.379	-1.231E-5
0.378	-1.229E-5
0.377	-1.228E-5
0.376	-1.226E-5
0.375	-1.224E-5
0.374	-1.222E-5
0.373	-1.22E-5
0.372	-1.218E-5
0.371	-1.216E-5
0.37	-1.214E-5
0.369	-1.212E-5
0.368	-1.21E-5
0.367	-1.208E-5
0.366	-1.206E-5
0.365	-1.204E-5
0.364	-1.202E-5
0.363	-1.2E-5
0.362	-1.198E-5
0.361	-1.197E-5
0.36	-1.194E-5
0.359	-1.193E-5
0.358	-1.191E-5
0.357	-1.189E-5
0.356	-1.187E-5
0.355	-1.185E-5
0.354	-1.183E-5
0.353	-1.181E-5
0.352	-1.18E-5
0.351	-1.178E-5
0.35	-1.176E-5
0.349	-1.174E-5
0.348	-1.173E-5
0.347	-1.171E-5
0.346	-1.169E-5
0.345	-1.167E-5
0.344	-1.165E-5
0.343	-1.164E-5
0.342	-1.162E-5
0.341	-1.16E-5
0.34	-1.158E-5
0.339	-1.157E-5
0.338	-1.155E-5
0.337	-1.153E-5
0.336	-1.151E-5
0.335	-1.15E-5
0.334	-1.148E-5
0.333	-1.147E-5
0.332	-1.145E-5
0.331	-1.144E-5
0.33	-1.142E-5
0.329	-1.141E-5
0.328	-1.138E-5
0.327	-1.137E-5
0.326	-1.135E-5
0.325	-1.134E-5
0.324	-1.132E-5
0.323	-1.13E-5
0.322	-1.129E-5
0.321	-1.127E-5
0.32	-1.126E-5
0.319	-1.124E-5
0.318	-1.122E-5
0.317	-1.121E-5
0.316	-1.119E-5
0.315	-1.118E-5
0.314	-1.116E-5
0.313	-1.115E-5
0.312	-1.113E-5
0.311	-1.112E-5
0.31	-1.11E-5
0.309	-1.109E-5
0.308	-1.107E-5
0.307	-1.106E-5
0.306	-1.105E-5
0.305	-1.103E-5
0.304	-1.102E-5
0.303	-1.1E-5
0.302	-1.099E-5
0.301	-1.098E-5
0.3	-1.096E-5
0.299	-1.095E-5
0.298	-1.093E-5
0.297	-1.092E-5
0.296	-1.09E-5
0.295	-1.089E-5
0.294	-1.088E-5
0.293	-1.086E-5
0.292	-1.085E-5
0.291	-1.084E-5
0.29	-1.082E-5
0.289	-1.081E-5
0.288	-1.08E-5
0.287	-1.079E-5
0.286	-1.077E-5
0.285	-1.076E-5
0.284	-1.074E-5
0.283	-1.073E-5
0.282	-1.072E-5
0.281	-1.071E-5
0.28	-1.069E-5
0.279	-1.068E-5
0.278	-1.067E-5
0.277	-1.065E-5
0.276	-1.064E-5
0.275	-1.063E-5
0.274	-1.062E-5
0.273	-1.061E-5
0.272	-1.059E-5
0.271	-1.058E-5
0.27	-1.057E-5
0.269	-1.056E-5
0.268	-1.055E-5
0.267	-1.054E-5
0.266	-1.053E-5
0.265	-1.052E-5
0.264	-1.051E-5
0.263	-1.05E-5
0.262	-1.05E-5
0.261	-1.048E-5
0.26	-1.047E-5
0.259	-1.045E-5
0.258	-1.044E-5
0.257	-1.043E-5
0.256	-1.042E-5
0.255	-1.041E-5
0.254	-1.04E-5
0.253	-1.039E-5
0.252	-1.038E-5
0.251	-1.037E-5
0.25	-1.036E-5
0.249	-1.035E-5
0.248	-1.034E-5
0.247	-1.033E-5
0.246	-1.032E-5
0.245	-1.031E-5
0.244	-1.03E-5
0.243	-1.029E-5
0.242	-1.028E-5
0.241	-1.026E-5
0.24	-1.025E-5
0.239	-1.024E-5
0.238	-1.023E-5
0.237	-1.022E-5
0.236	-1.022E-5
0.235	-1.021E-5
0.234	-1.02E-5
0.233	-1.019E-5
0.232	-1.018E-5
0.231	-1.017E-5
0.23	-1.016E-5
0.229	-1.015E-5
0.228	-1.014E-5
0.227	-1.013E-5
0.226	-1.012E-5
0.225	-1.011E-5
0.224	-1.01E-5
0.223	-1.009E-5
0.222	-1.008E-5
0.221	-1.008E-5
0.22	-1.007E-5
0.219	-1.006E-5
0.218	-1.005E-5
0.217	-1.004E-5
0.216	-1.003E-5
0.215	-1.002E-5
0.214	-1.001E-5
0.213	-1.001E-5
0.212	-9.999E-6
0.211	-9.99E-6
0.21	-9.982E-6
0.209	-9.972E-6
0.208	-9.961E-6
0.207	-9.953E-6
0.206	-9.944E-6
0.205	-9.937E-6
0.204	-9.931E-6
0.203	-9.92E-6
0.202	-9.914E-6
0.201	-9.905E-6
0.2	-9.896E-6
0.199	-9.888E-6
0.198	-9.881E-6
0.197	-9.87E-6
0.196	-9.862E-6
0.195	-9.853E-6
0.194	-9.848E-6
0.193	-9.837E-6
0.192	-9.831E-6
0.191	-9.821E-6
0.19	-9.813E-6
0.189	-9.806E-6
0.188	-9.798E-6
0.187	-9.789E-6
0.186	-9.784E-6
0.185	-9.775E-6
0.184	-9.768E-6
0.183	-9.76E-6
0.182	-9.753E-6
0.181	-9.745E-6
0.18	-9.737E-6
0.179	-9.729E-6
0.178	-9.722E-6
0.177	-9.714E-6
0.176	-9.709E-6
0.175	-9.701E-6
0.174	-9.693E-6
0.173	-9.685E-6
0.172	-9.678E-6
0.171	-9.669E-6
0.17	-9.665E-6
0.169	-9.655E-6
0.168	-9.649E-6
0.167	-9.641E-6
0.166	-9.636E-6
0.165	-9.627E-6
0.164	-9.621E-6
0.163	-9.613E-6
0.162	-9.608E-6
0.161	-9.598E-6
0.16	-9.593E-6
0.159	-9.584E-6
0.158	-9.58E-6
0.157	-9.572E-6
0.156	-9.567E-6
0.155	-9.558E-6
0.154	-9.556E-6
0.153	-9.548E-6
0.152	-9.542E-6
0.151	-9.535E-6
0.15	-9.53E-6
0.149	-9.522E-6
0.148	-9.517E-6
0.147	-9.51E-6
0.146	-9.506E-6
0.145	-9.498E-6
0.144	-9.493E-6
0.143	-9.486E-6
0.142	-9.481E-6
0.141	-9.474E-6
0.14	-9.47E-6
0.139	-9.462E-6
0.138	-9.457E-6
0.137	-9.45E-6
0.136	-9.444E-6
0.135	-9.437E-6
0.134	-9.434E-6
0.133	-9.426E-6
0.132	-9.422E-6
0.131	-9.414E-6
0.13	-9.41E-6
0.129	-9.403E-6
0.128	-9.399E-6
0.127	-9.393E-6
0.126	-9.39E-6
0.125	-9.383E-6
0.124	-9.38E-6
0.123	-9.372E-6
0.122	-9.369E-6
0.121	-9.361E-6
0.12	-9.358E-6
0.119	-9.353E-6
0.118	-9.348E-6
0.117	-9.341E-6
0.116	-9.336E-6
0.115	-9.333E-6
0.114	-9.33E-6
0.113	-9.322E-6
0.112	-9.319E-6
0.111	-9.314E-6
0.11	-9.311E-6
0.109	-9.304E-6
0.108	-9.302E-6
0.107	-9.296E-6
0.106	-9.293E-6
0.105	-9.287E-6
0.104	-9.282E-6
0.103	-9.279E-6
0.102	-9.276E-6
0.101	-9.27E-6
0.1	-9.268E-6
0.099	-9.261E-6
0.098	-9.259E-6
0.097	-9.254E-6
0.096	-9.252E-6
0.095	-9.251E-6
0.094	-9.248E-6
0.093	-9.24E-6
0.092	-9.238E-6
0.091	-9.232E-6
0.09	-9.231E-6
0.089	-9.227E-6
0.088	-9.223E-6
0.087	-9.218E-6
0.086	-9.216E-6
0.085	-9.21E-6
0.084	-9.209E-6
0.083	-9.205E-6
0.082	-9.203E-6
0.081	-9.196E-6
0.08	-9.196E-6
0.079	-9.191E-6
0.078	-9.19E-6
0.077	-9.186E-6
0.076	-9.185E-6
0.075	-9.18E-6
0.074	-9.178E-6
0.073	-9.175E-6
0.072	-9.173E-6
0.071	-9.168E-6
0.07	-9.167E-6
0.069	-9.162E-6
0.068	-9.162E-6
0.067	-9.157E-6
0.066	-9.156E-6
0.065	-9.151E-6
0.064	-9.153E-6
0.063	-9.148E-6
0.062	-9.148E-6
0.061	-9.145E-6
0.06	-9.145E-6
0.059	-9.138E-6
0.058	-9.14E-6
0.057	-9.137E-6
0.056	-9.136E-6
0.055	-9.132E-6
0.054	-9.132E-6
0.053	-9.128E-6
0.052	-9.129E-6
0.051	-9.127E-6
0.05	-9.126E-6
0.049	-9.121E-6
0.048	-9.123E-6
0.047	-9.119E-6
0.046	-9.12E-6
0.045	-9.116E-6
0.044	-9.119E-6
0.043	-9.114E-6
0.042	-9.115E-6
0.041	-9.111E-6
0.04	-9.112E-6
0.039	-9.109E-6
0.038	-9.111E-6
0.037	-9.108E-6
0.036	-9.11E-6
0.035	-9.106E-6
0.034	-9.108E-6
0.033	-9.104E-6
0.032	-9.106E-6
0.031	-9.103E-6
0.03	-9.104E-6
0.029	-9.102E-6
0.028	-9.104E-6
0.027	-9.101E-6
0.026	-9.104E-6
0.025	-9.101E-6
0.024	-9.104E-6
0.023	-9.101E-6
0.022	-9.102E-6
0.021	-9.1E-6
0.02	-9.103E-6
0.019	-9.101E-6
0.018	-9.104E-6
0.017	-9.1E-6
0.016	-9.104E-6
0.015	-9.103E-6
0.014	-9.103E-6
0.013	-9.103E-6
0.012	-9.107E-6
0.011	-9.104E-6
0.01	-9.107E-6
0.009	-9.105E-6
0.008	-9.108E-6
0.007	-9.107E-6
0.006	-9.11E-6
0.005	-9.108E-6
0.004	-9.113E-6
0.003	-9.11E-6
0.002	-9.114E-6
0.001	-9.111E-6